ms=42246 od=79.68 cd=79.68 mind=0.00 maxd=0.00 dh=79.68,0.00,0.00,0.00,0.00,0.00,0.00,0.00,0.00,0.00,0.00,0.00,0.00,0.00,0.00,0.00, sh=79.68,0.00,0.00,0.00,0.00,0.00,0.00,0.00,0.00,0.00,0.00,0.00,0.00,0.00,0.00,0.00,
ms=42810 od=79.67 cd=79.67 mind=0.00 maxd=0.00 dh=79.67,79.68,0.00,0.00,0.00,0.00,0.00,0.00,0.00,0.00,0.00,0.00,0.00,0.00,0.00,0.00, sh=79.67,79.68,0.00,0.00,0.00,0.00,0.00,0.00,0.00,0.00,0.00,0.00,0.00,0.00,0.00,0.00,
ms=43375 od=79.67 cd=79.67 mind=0.00 maxd=0.00 dh=79.67,79.67,79.68,0.00,0.00,0.00,0.00,0.00,0.00,0.00,0.00,0.00,0.00,0.00,0.00,0.00, sh=79.67,79.67,79.68,0.00,0.00,0.00,0.00,0.00,0.00,0.00,0.00,0.00,0.00,0.00,0.00,0.00,
ms=43946 od=79.67 cd=79.67 mind=-59.76 maxd=99.59 dh=79.67,79.67,79.67,79.68,0.00,0.00,0.00,0.00,0.00,0.00,0.00,0.00,0.00,0.00,0.00,0.00, sh=79.67,79.67,79.67,79.68,0.00,0.00,0.00,0.00,0.00,0.00,0.00,0.00,0.00,0.00,0.00,0.00,
ms=44510 od=79.68 cd=79.68 mind=-119.51 maxd=199.19 dh=79.68,79.67,79.67,79.67,79.68,0.00,0.00,0.00,0.00,0.00,0.00,0.00,0.00,0.00,0.00,0.00, sh=79.68,79.67,79.67,79.67,79.68,0.00,0.00,0.00,0.00,0.00,0.00,0.00,0.00,0.00,0.00,0.00,
ms=45076 od=80.05 cd=80.05 mind=-119.51 maxd=199.19 dh=80.05,79.68,79.67,79.67,79.67,79.68,0.00,0.00,0.00,0.00,0.00,0.00,0.00,0.00,0.00,0.00, sh=80.05,79.68,79.67,79.67,79.67,79.68,0.00,0.00,0.00,0.00,0.00,0.00,0.00,0.00,0.00,0.00,
ms=45640 od=80.05 cd=80.05 mind=-119.52 maxd=199.20 dh=80.05,80.05,79.68,79.67,79.67,79.67,79.68,0.00,0.00,0.00,0.00,0.00,0.00,0.00,0.00,0.00, sh=80.05,80.05,79.68,79.67,79.67,79.67,79.68,0.00,0.00,0.00,0.00,0.00,0.00,0.00,0.00,0.00,
ms=46206 od=79.68 cd=79.68 mind=-119.52 maxd=199.21 dh=79.68,80.05,80.05,79.68,79.67,79.67,79.67,79.68,0.00,0.00,0.00,0.00,0.00,0.00,0.00,0.00, sh=79.68,80.05,80.05,79.68,79.67,79.67,79.67,79.68,0.00,0.00,0.00,0.00,0.00,0.00,0.00,0.00,
ms=46770 od=79.61 cd=79.61 mind=-119.52 maxd=199.21 dh=79.61,79.68,80.05,80.05,79.68,79.67,79.67,79.67,79.68,0.00,0.00,0.00,0.00,0.00,0.00,0.00, sh=79.61,79.68,80.05,80.05,79.68,79.67,79.67,79.67,79.68,0.00,0.00,0.00,0.00,0.00,0.00,0.00,
ms=47335 od=79.62 cd=79.62 mind=-119.52 maxd=199.21 dh=79.62,79.61,79.68,80.05,80.05,79.68,79.67,79.67,79.67,79.68,0.00,0.00,0.00,0.00,0.00,0.00, sh=79.62,79.61,79.68,80.05,80.05,79.68,79.67,79.67,79.67,79.68,0.00,0.00,0.00,0.00,0.00,0.00,
ms=47900 od=79.70 cd=79.70 mind=-119.53 maxd=199.21 dh=79.70,79.62,79.61,79.68,80.05,80.05,79.68,79.67,79.67,79.67,79.68,0.00,0.00,0.00,0.00,0.00, sh=79.70,79.62,79.61,79.68,80.05,80.05,79.68,79.67,79.67,79.67,79.68,0.00,0.00,0.00,0.00,0.00,
ms=48465 od=79.60 cd=79.60 mind=-20.03 maxd=139.51 dh=79.60,79.70,79.62,79.61,79.68,80.05,80.05,79.68,79.67,79.67,79.67,79.68,0.00,0.00,0.00,0.00, sh=79.60,79.70,79.62,79.61,79.68,80.05,80.05,79.68,79.67,79.67,79.67,79.68,0.00,0.00,0.00,0.00,
ms=49030 od=79.62 cd=79.62 mind=79.48 maxd=79.80 dh=79.62,79.60,79.70,79.62,79.61,79.68,80.05,80.05,79.68,79.67,79.67,79.67,79.68,0.00,0.00,0.00, sh=79.62,79.60,79.70,79.62,79.61,79.68,80.05,80.05,79.68,79.67,79.67,79.67,79.68,0.00,0.00,0.00,
ms=49602 od=79.62 cd=79.62 mind=79.50 maxd=79.79 dh=79.62,79.62,79.60,79.70,79.62,79.61,79.68,80.05,80.05,79.68,79.67,79.67,79.67,79.68,0.00,0.00, sh=79.62,79.62,79.60,79.70,79.62,79.61,79.68,80.05,80.05,79.68,79.67,79.67,79.67,79.68,0.00,0.00,
ms=50172 od=79.60 cd=79.60 mind=79.50 maxd=79.79 dh=79.60,79.62,79.62,79.60,79.70,79.62,79.61,79.68,80.05,80.05,79.68,79.67,79.67,79.67,79.68,0.00, sh=79.60,79.62,79.62,79.60,79.70,79.62,79.61,79.68,80.05,80.05,79.68,79.67,79.67,79.67,79.68,0.00,
ms=50737 od=79.60 cd=79.60 mind=79.50 maxd=79.79 dh=79.60,79.60,79.62,79.62,79.60,79.70,79.62,79.61,79.68,80.05,80.05,79.68,79.67,79.67,79.67,79.68, sh=79.60,79.60,79.62,79.62,79.60,79.70,79.62,79.61,79.68,80.05,80.05,79.68,79.67,79.67,79.67,79.68,
ms=51302 od=79.62 cd=79.62 mind=79.50 maxd=79.79 dh=79.62,79.60,79.60,79.62,79.62,79.60,79.70,79.62,79.61,79.68,80.05,80.05,79.68,79.67,79.67,79.67, sh=79.62,79.60,79.60,79.62,79.62,79.60,79.70,79.62,79.61,79.68,80.05,80.05,79.68,79.67,79.67,79.67,
ms=51867 od=79.60 cd=79.60 mind=79.48 maxd=79.80 dh=79.60,79.62,79.60,79.60,79.62,79.62,79.60,79.70,79.62,79.61,79.68,80.05,80.05,79.68,79.67,79.67, sh=79.60,79.62,79.60,79.60,79.62,79.62,79.60,79.70,79.62,79.61,79.68,80.05,80.05,79.68,79.67,79.67,
ms=52470 od=79.62 cd=79.62 mind=79.48 maxd=79.80 dh=79.62,79.60,79.62,79.60,79.60,79.62,79.62,79.60,79.70,79.62,79.61,79.68,80.05,80.05,79.68,79.67, sh=79.62,79.60,79.62,79.60,79.60,79.62,79.62,79.60,79.70,79.62,79.61,79.68,80.05,80.05,79.68,79.67,
ms=53033 od=55.66 cd=79.47 mind=79.47 maxd=79.81 dh=55.66,79.62,79.60,79.62,79.60,79.60,79.62,79.62,79.60,79.70,79.62,79.61,79.68,80.05,80.05,79.68, sh=55.66,79.62,79.60,79.62,79.60,79.60,79.62,79.62,79.60,79.70,79.62,79.61,79.68,80.05,80.05,79.68,
ms=53596 od=79.58 cd=79.58 mind=79.52 maxd=79.73 dh=79.58,55.66,79.62,79.60,79.62,79.60,79.60,79.62,79.62,79.60,79.70,79.62,79.61,79.68,80.05,80.05, sh=79.58,55.66,79.62,79.60,79.62,79.60,79.60,79.62,79.62,79.60,79.70,79.62,79.61,79.68,80.05,80.05,
ms=54161 od=79.58 cd=79.58 mind=79.57 maxd=79.64 dh=79.58,79.58,55.66,79.62,79.60,79.62,79.60,79.60,79.62,79.62,79.60,79.70,79.62,79.61,79.68,80.05, sh=79.58,79.58,55.66,79.62,79.60,79.62,79.60,79.60,79.62,79.62,79.60,79.70,79.62,79.61,79.68,80.05,
ms=54724 od=79.58 cd=79.58 mind=79.55 maxd=79.65 dh=79.58,79.58,79.58,55.66,79.62,79.60,79.62,79.60,79.60,79.62,79.62,79.60,79.70,79.62,79.61,79.68, sh=79.58,79.58,79.58,55.66,79.62,79.60,79.62,79.60,79.60,79.62,79.62,79.60,79.70,79.62,79.61,79.68,
ms=55287 od=79.60 cd=79.60 mind=79.55 maxd=79.65 dh=79.60,79.58,79.58,79.58,55.66,79.62,79.60,79.62,79.60,79.60,79.62,79.62,79.60,79.70,79.62,79.61, sh=79.60,79.58,79.58,79.58,55.66,79.62,79.60,79.62,79.60,79.60,79.62,79.62,79.60,79.70,79.62,79.61,
ms=55850 od=79.60 cd=79.60 mind=79.55 maxd=79.65 dh=79.60,79.60,79.58,79.58,79.58,55.66,79.62,79.60,79.62,79.60,79.60,79.62,79.62,79.60,79.70,79.62, sh=79.60,79.60,79.58,79.58,79.58,55.66,79.62,79.60,79.62,79.60,79.60,79.62,79.62,79.60,79.70,79.62,
ms=56422 od=79.60 cd=79.60 mind=79.55 maxd=79.65 dh=79.60,79.60,79.60,79.58,79.58,79.58,55.66,79.62,79.60,79.62,79.60,79.60,79.62,79.62,79.60,79.70, sh=79.60,79.60,79.60,79.58,79.58,79.58,55.66,79.62,79.60,79.62,79.60,79.60,79.62,79.62,79.60,79.70,
ms=56986 od=79.60 cd=79.60 mind=79.57 maxd=79.63 dh=79.60,79.60,79.60,79.60,79.58,79.58,79.58,55.66,79.62,79.60,79.62,79.60,79.60,79.62,79.62,79.60, sh=79.60,79.60,79.60,79.60,79.58,79.58,79.58,55.66,79.62,79.60,79.62,79.60,79.60,79.62,79.62,79.60,
ms=57556 od=79.58 cd=79.58 mind=79.54 maxd=79.65 dh=79.58,79.60,79.60,79.60,79.60,79.58,79.58,79.58,55.66,79.62,79.60,79.62,79.60,79.60,79.62,79.62, sh=79.58,79.60,79.60,79.60,79.60,79.58,79.58,79.58,55.66,79.62,79.60,79.62,79.60,79.60,79.62,79.62,
ms=58120 od=79.60 cd=79.60 mind=79.56 maxd=79.62 dh=79.60,79.58,79.60,79.60,79.60,79.60,79.58,79.58,79.58,55.66,79.62,79.60,79.62,79.60,79.60,79.62, sh=79.60,79.58,79.60,79.60,79.60,79.60,79.58,79.58,79.58,55.66,79.62,79.60,79.62,79.60,79.60,79.62,
ms=58685 od=79.60 cd=79.60 mind=79.56 maxd=79.62 dh=79.60,79.60,79.58,79.60,79.60,79.60,79.60,79.58,79.58,79.58,55.66,79.62,79.60,79.62,79.60,79.60, sh=79.60,79.60,79.58,79.60,79.60,79.60,79.60,79.58,79.58,79.58,55.66,79.62,79.60,79.62,79.60,79.60,
ms=59249 od=79.60 cd=79.60 mind=79.56 maxd=79.62 dh=79.60,79.60,79.60,79.58,79.60,79.60,79.60,79.60,79.58,79.58,79.58,55.66,79.62,79.60,79.62,79.60, sh=79.60,79.60,79.60,79.58,79.60,79.60,79.60,79.60,79.58,79.58,79.58,55.66,79.62,79.60,79.62,79.60,
ms=59820 od=79.63 cd=79.62 mind=79.56 maxd=79.62 dh=79.63,79.60,79.60,79.60,79.58,79.60,79.60,79.60,79.60,79.58,79.58,79.58,55.66,79.62,79.60,79.62, sh=79.63,79.60,79.60,79.60,79.58,79.60,79.60,79.60,79.60,79.58,79.58,79.58,55.66,79.62,79.60,79.62,
ms=60391 od=79.63 cd=79.62 mind=79.56 maxd=79.62 dh=79.63,79.63,79.60,79.60,79.60,79.58,79.60,79.60,79.60,79.60,79.58,79.58,79.58,55.66,79.62,79.60, sh=79.63,79.63,79.60,79.60,79.60,79.58,79.60,79.60,79.60,79.60,79.58,79.58,79.58,55.66,79.62,79.60,
ms=60962 od=79.63 cd=79.63 mind=79.54 maxd=79.65 dh=79.63,79.63,79.63,79.60,79.60,79.60,79.58,79.60,79.60,79.60,79.60,79.58,79.58,79.58,55.66,79.62, sh=79.63,79.63,79.63,79.60,79.60,79.60,79.58,79.60,79.60,79.60,79.60,79.58,79.58,79.58,55.66,79.62,
ms=61584 od=79.60 cd=79.60 mind=79.56 maxd=79.62 dh=79.60,79.63,79.63,79.63,79.60,79.60,79.60,79.58,79.60,79.60,79.60,79.60,79.58,79.58,79.58,55.66, sh=79.60,79.63,79.63,79.63,79.60,79.60,79.60,79.58,79.60,79.60,79.60,79.60,79.58,79.58,79.58,55.66,
ms=62152 od=79.61 cd=79.61 mind=79.57 maxd=79.62 dh=79.61,79.60,79.63,79.63,79.63,79.60,79.60,79.60,79.58,79.60,79.60,79.60,79.60,79.58,79.58,79.58, sh=79.61,79.60,79.63,79.63,79.63,79.60,79.60,79.60,79.58,79.60,79.60,79.60,79.60,79.58,79.58,79.58,
ms=62722 od=79.68 cd=79.64 mind=79.57 maxd=79.64 dh=79.68,79.61,79.60,79.63,79.63,79.63,79.60,79.60,79.60,79.58,79.60,79.60,79.60,79.60,79.58,79.58, sh=79.68,79.61,79.60,79.63,79.63,79.63,79.60,79.60,79.60,79.58,79.60,79.60,79.60,79.60,79.58,79.58,
ms=63286 od=79.60 cd=79.60 mind=79.57 maxd=79.64 dh=79.60,79.68,79.61,79.60,79.63,79.63,79.63,79.60,79.60,79.60,79.58,79.60,79.60,79.60,79.60,79.58, sh=79.60,79.68,79.61,79.60,79.63,79.63,79.63,79.60,79.60,79.60,79.58,79.60,79.60,79.60,79.60,79.58,
ms=63857 od=79.68 cd=79.66 mind=79.56 maxd=79.66 dh=79.68,79.60,79.68,79.61,79.60,79.63,79.63,79.63,79.60,79.60,79.60,79.58,79.60,79.60,79.60,79.60, sh=79.68,79.60,79.68,79.61,79.60,79.63,79.63,79.63,79.60,79.60,79.60,79.58,79.60,79.60,79.60,79.60,
ms=64422 od=80.05 cd=79.66 mind=79.56 maxd=79.66 dh=80.05,79.68,79.60,79.68,79.61,79.60,79.63,79.63,79.63,79.60,79.60,79.60,79.58,79.60,79.60,79.60, sh=80.05,79.68,79.60,79.68,79.61,79.60,79.63,79.63,79.63,79.60,79.60,79.60,79.58,79.60,79.60,79.60,
ms=64987 od=79.60 cd=79.60 mind=79.56 maxd=79.66 dh=79.60,80.05,79.68,79.60,79.68,79.61,79.60,79.63,79.63,79.63,79.60,79.60,79.60,79.58,79.60,79.60, sh=79.60,80.05,79.68,79.60,79.68,79.61,79.60,79.63,79.63,79.63,79.60,79.60,79.60,79.58,79.60,79.60,
ms=65558 od=79.60 cd=79.60 mind=79.56 maxd=79.66 dh=79.60,79.60,80.05,79.68,79.60,79.68,79.61,79.60,79.63,79.63,79.63,79.60,79.60,79.60,79.58,79.60, sh=79.60,79.60,80.05,79.68,79.60,79.68,79.61,79.60,79.63,79.63,79.63,79.60,79.60,79.60,79.58,79.60,
ms=66123 od=79.67 cd=79.67 mind=79.53 maxd=79.72 dh=79.67,79.60,79.60,80.05,79.68,79.60,79.68,79.61,79.60,79.63,79.63,79.63,79.60,79.60,79.60,79.58, sh=79.67,79.60,79.60,80.05,79.68,79.60,79.68,79.61,79.60,79.63,79.63,79.63,79.60,79.60,79.60,79.58,
ms=66688 od=79.67 cd=79.67 mind=79.50 maxd=79.77 dh=79.67,79.67,79.60,79.60,80.05,79.68,79.60,79.68,79.61,79.60,79.63,79.63,79.63,79.60,79.60,79.60, sh=79.67,79.67,79.60,79.60,80.05,79.68,79.60,79.68,79.61,79.60,79.63,79.63,79.63,79.60,79.60,79.60,
ms=67253 od=79.71 cd=79.71 mind=79.49 maxd=79.78 dh=79.71,79.67,79.67,79.60,79.60,80.05,79.68,79.60,79.68,79.61,79.60,79.63,79.63,79.63,79.60,79.60, sh=79.71,79.67,79.67,79.60,79.60,80.05,79.68,79.60,79.68,79.61,79.60,79.63,79.63,79.63,79.60,79.60,
ms=67819 od=79.69 cd=79.69 mind=79.48 maxd=79.80 dh=79.69,79.71,79.67,79.67,79.60,79.60,80.05,79.68,79.60,79.68,79.61,79.60,79.63,79.63,79.63,79.60, sh=79.69,79.71,79.67,79.67,79.60,79.60,80.05,79.68,79.60,79.68,79.61,79.60,79.63,79.63,79.63,79.60,
ms=68381 od=79.60 cd=79.60 mind=79.48 maxd=79.80 dh=79.60,79.69,79.71,79.67,79.67,79.60,79.60,80.05,79.68,79.60,79.68,79.61,79.60,79.63,79.63,79.63, sh=79.60,79.69,79.71,79.67,79.67,79.60,79.60,80.05,79.68,79.60,79.68,79.61,79.60,79.63,79.63,79.63,
ms=68950 od=79.59 cd=79.59 mind=79.48 maxd=79.80 dh=79.59,79.60,79.69,79.71,79.67,79.67,79.60,79.60,80.05,79.68,79.60,79.68,79.61,79.60,79.63,79.63, sh=79.59,79.60,79.69,79.71,79.67,79.67,79.60,79.60,80.05,79.68,79.60,79.68,79.61,79.60,79.63,79.63,
ms=69518 od=79.61 cd=79.61 mind=79.48 maxd=79.80 dh=79.61,79.59,79.60,79.69,79.71,79.67,79.67,79.60,79.60,80.05,79.68,79.60,79.68,79.61,79.60,79.63, sh=79.61,79.59,79.60,79.69,79.71,79.67,79.67,79.60,79.60,80.05,79.68,79.60,79.68,79.61,79.60,79.63,
ms=70082 od=79.58 cd=79.58 mind=79.48 maxd=79.80 dh=79.58,79.61,79.59,79.60,79.69,79.71,79.67,79.67,79.60,79.60,80.05,79.68,79.60,79.68,79.61,79.60, sh=79.58,79.61,79.59,79.60,79.69,79.71,79.67,79.67,79.60,79.60,80.05,79.68,79.60,79.68,79.61,79.60,
ms=70646 od=79.63 cd=79.63 mind=79.48 maxd=79.80 dh=79.63,79.58,79.61,79.59,79.60,79.69,79.71,79.67,79.67,79.60,79.60,80.05,79.68,79.60,79.68,79.61, sh=79.63,79.58,79.61,79.59,79.60,79.69,79.71,79.67,79.67,79.60,79.60,80.05,79.68,79.60,79.68,79.61,
ms=71246 od=79.60 cd=79.60 mind=79.48 maxd=79.80 dh=79.60,79.63,79.58,79.61,79.59,79.60,79.69,79.71,79.67,79.67,79.60,79.60,80.05,79.68,79.60,79.68, sh=79.60,79.63,79.58,79.61,79.59,79.60,79.69,79.71,79.67,79.67,79.60,79.60,80.05,79.68,79.60,79.68,
ms=71810 od=79.61 cd=79.61 mind=79.49 maxd=79.78 dh=79.61,79.60,79.63,79.58,79.61,79.59,79.60,79.69,79.71,79.67,79.67,79.60,79.60,80.05,79.68,79.60, sh=79.61,79.60,79.63,79.58,79.61,79.59,79.60,79.69,79.71,79.67,79.67,79.60,79.60,80.05,79.68,79.60,
ms=72375 od=79.61 cd=79.61 mind=79.49 maxd=79.78 dh=79.61,79.61,79.60,79.63,79.58,79.61,79.59,79.60,79.69,79.71,79.67,79.67,79.60,79.60,80.05,79.68, sh=79.61,79.61,79.60,79.63,79.58,79.61,79.59,79.60,79.69,79.71,79.67,79.67,79.60,79.60,80.05,79.68,
ms=72942 od=79.61 cd=79.61 mind=79.50 maxd=79.77 dh=79.61,79.61,79.61,79.60,79.63,79.58,79.61,79.59,79.60,79.69,79.71,79.67,79.67,79.60,79.60,80.05, sh=79.61,79.61,79.61,79.60,79.63,79.58,79.61,79.59,79.60,79.69,79.71,79.67,79.67,79.60,79.60,80.05,
ms=73507 od=79.63 cd=79.63 mind=79.53 maxd=79.72 dh=79.63,79.61,79.61,79.61,79.60,79.63,79.58,79.61,79.59,79.60,79.69,79.71,79.67,79.67,79.60,79.60, sh=79.63,79.61,79.61,79.61,79.60,79.63,79.58,79.61,79.59,79.60,79.69,79.71,79.67,79.67,79.60,79.60,
ms=74071 od=79.63 cd=79.63 mind=79.53 maxd=79.72 dh=79.63,79.63,79.61,79.61,79.61,79.60,79.63,79.58,79.61,79.59,79.60,79.69,79.71,79.67,79.67,79.60, sh=79.63,79.63,79.61,79.61,79.61,79.60,79.63,79.58,79.61,79.59,79.60,79.69,79.71,79.67,79.67,79.60,
ms=74636 od=79.59 cd=79.59 mind=79.53 maxd=79.72 dh=79.59,79.63,79.63,79.61,79.61,79.61,79.60,79.63,79.58,79.61,79.59,79.60,79.69,79.71,79.67,79.67, sh=79.59,79.63,79.63,79.61,79.61,79.61,79.60,79.63,79.58,79.61,79.59,79.60,79.69,79.71,79.67,79.67,
ms=75201 od=79.63 cd=79.63 mind=79.56 maxd=79.66 dh=79.63,79.59,79.63,79.63,79.61,79.61,79.61,79.60,79.63,79.58,79.61,79.59,79.60,79.69,79.71,79.67, sh=79.63,79.59,79.63,79.63,79.61,79.61,79.61,79.60,79.63,79.58,79.61,79.59,79.60,79.69,79.71,79.67,
ms=75772 od=79.63 cd=79.63 mind=79.56 maxd=79.66 dh=79.63,79.63,79.59,79.63,79.63,79.61,79.61,79.61,79.60,79.63,79.58,79.61,79.59,79.60,79.69,79.71, sh=79.63,79.63,79.59,79.63,79.63,79.61,79.61,79.61,79.60,79.63,79.58,79.61,79.59,79.60,79.69,79.71,
ms=76337 od=79.62 cd=79.62 mind=79.56 maxd=79.66 dh=79.62,79.63,79.63,79.59,79.63,79.63,79.61,79.61,79.61,79.60,79.63,79.58,79.61,79.59,79.60,79.69, sh=79.62,79.63,79.63,79.59,79.63,79.63,79.61,79.61,79.61,79.60,79.63,79.58,79.61,79.59,79.60,79.69,
ms=76908 od=79.60 cd=79.60 mind=79.56 maxd=79.66 dh=79.60,79.62,79.63,79.63,79.59,79.63,79.63,79.61,79.61,79.61,79.60,79.63,79.58,79.61,79.59,79.60, sh=79.60,79.62,79.63,79.63,79.59,79.63,79.63,79.61,79.61,79.61,79.60,79.63,79.58,79.61,79.59,79.60,
ms=77479 od=79.53 cd=79.55 mind=79.55 maxd=79.67 dh=79.53,79.60,79.62,79.63,79.63,79.59,79.63,79.63,79.61,79.61,79.61,79.60,79.63,79.58,79.61,79.59, sh=79.53,79.60,79.62,79.63,79.63,79.59,79.63,79.63,79.61,79.61,79.61,79.60,79.63,79.58,79.61,79.59,
ms=78045 od=79.62 cd=79.62 mind=79.56 maxd=79.66 dh=79.62,79.53,79.60,79.62,79.63,79.63,79.59,79.63,79.63,79.61,79.61,79.61,79.60,79.63,79.58,79.61, sh=79.62,79.53,79.60,79.62,79.63,79.63,79.59,79.63,79.63,79.61,79.61,79.61,79.60,79.63,79.58,79.61,
ms=78610 od=79.53 cd=79.55 mind=79.55 maxd=79.67 dh=79.53,79.62,79.53,79.60,79.62,79.63,79.63,79.59,79.63,79.63,79.61,79.61,79.61,79.60,79.63,79.58, sh=79.53,79.62,79.53,79.60,79.62,79.63,79.63,79.59,79.63,79.63,79.61,79.61,79.61,79.60,79.63,79.58,
ms=79175 od=79.63 cd=79.63 mind=79.56 maxd=79.66 dh=79.63,79.53,79.62,79.53,79.60,79.62,79.63,79.63,79.59,79.63,79.63,79.61,79.61,79.61,79.60,79.63, sh=79.63,79.53,79.62,79.53,79.60,79.62,79.63,79.63,79.59,79.63,79.63,79.61,79.61,79.61,79.60,79.63,
ms=79738 od=79.52 cd=79.55 mind=79.55 maxd=79.67 dh=79.52,79.63,79.53,79.62,79.53,79.60,79.62,79.63,79.63,79.59,79.63,79.63,79.61,79.61,79.61,79.60, sh=79.52,79.63,79.53,79.62,79.53,79.60,79.62,79.63,79.63,79.59,79.63,79.63,79.61,79.61,79.61,79.60,
ms=80338 od=79.62 cd=79.62 mind=79.55 maxd=79.67 dh=79.62,79.52,79.63,79.53,79.62,79.53,79.60,79.62,79.63,79.63,79.59,79.63,79.63,79.61,79.61,79.61, sh=79.62,79.52,79.63,79.53,79.62,79.53,79.60,79.62,79.63,79.63,79.59,79.63,79.63,79.61,79.61,79.61,
ms=80903 od=79.60 cd=79.60 mind=79.55 maxd=79.67 dh=79.60,79.62,79.52,79.63,79.53,79.62,79.53,79.60,79.62,79.63,79.63,79.59,79.63,79.63,79.61,79.61, sh=79.60,79.62,79.52,79.63,79.53,79.62,79.53,79.60,79.62,79.63,79.63,79.59,79.63,79.63,79.61,79.61,
ms=81466 od=79.62 cd=79.62 mind=79.55 maxd=79.67 dh=79.62,79.60,79.62,79.52,79.63,79.53,79.62,79.53,79.60,79.62,79.63,79.63,79.59,79.63,79.63,79.61, sh=79.62,79.60,79.62,79.52,79.63,79.53,79.62,79.53,79.60,79.62,79.63,79.63,79.59,79.63,79.63,79.61,
ms=82032 od=79.62 cd=79.62 mind=79.55 maxd=79.67 dh=79.62,79.62,79.60,79.62,79.52,79.63,79.53,79.62,79.53,79.60,79.62,79.63,79.63,79.59,79.63,79.63, sh=79.62,79.62,79.60,79.62,79.52,79.63,79.53,79.62,79.53,79.60,79.62,79.63,79.63,79.59,79.63,79.63,
ms=82595 od=79.61 cd=79.61 mind=79.56 maxd=79.66 dh=79.61,79.62,79.62,79.60,79.62,79.52,79.63,79.53,79.62,79.53,79.60,79.62,79.63,79.63,79.59,79.63, sh=79.61,79.62,79.62,79.60,79.62,79.52,79.63,79.53,79.62,79.53,79.60,79.62,79.63,79.63,79.59,79.63,
ms=83159 od=79.60 cd=79.60 mind=79.56 maxd=79.65 dh=79.60,79.61,79.62,79.62,79.60,79.62,79.52,79.63,79.53,79.62,79.53,79.60,79.62,79.63,79.63,79.59, sh=79.60,79.61,79.62,79.62,79.60,79.62,79.52,79.63,79.53,79.62,79.53,79.60,79.62,79.63,79.63,79.59,
ms=83724 od=79.63 cd=79.63 mind=79.57 maxd=79.65 dh=79.63,79.60,79.61,79.62,79.62,79.60,79.62,79.52,79.63,79.53,79.62,79.53,79.60,79.62,79.63,79.63, sh=79.63,79.60,79.61,79.62,79.62,79.60,79.62,79.52,79.63,79.53,79.62,79.53,79.60,79.62,79.63,79.63,
ms=84290 od=79.62 cd=79.62 mind=79.57 maxd=79.64 dh=79.62,79.63,79.60,79.61,79.62,79.62,79.60,79.62,79.52,79.63,79.53,79.62,79.53,79.60,79.62,79.63, sh=79.62,79.63,79.60,79.61,79.62,79.62,79.60,79.62,79.52,79.63,79.53,79.62,79.53,79.60,79.62,79.63,
ms=84861 od=79.60 cd=79.60 mind=79.57 maxd=79.64 dh=79.60,79.62,79.63,79.60,79.61,79.62,79.62,79.60,79.62,79.52,79.63,79.53,79.62,79.53,79.60,79.62, sh=79.60,79.62,79.63,79.60,79.61,79.62,79.62,79.60,79.62,79.52,79.63,79.53,79.62,79.53,79.60,79.62,
ms=85425 od=79.60 cd=79.60 mind=79.57 maxd=79.64 dh=79.60,79.60,79.62,79.63,79.60,79.61,79.62,79.62,79.60,79.62,79.52,79.63,79.53,79.62,79.53,79.60, sh=79.60,79.60,79.62,79.63,79.60,79.61,79.62,79.62,79.60,79.62,79.52,79.63,79.53,79.62,79.53,79.60,
ms=85990 od=79.60 cd=79.60 mind=79.57 maxd=79.64 dh=79.60,79.60,79.60,79.62,79.63,79.60,79.61,79.62,79.62,79.60,79.62,79.52,79.63,79.53,79.62,79.53, sh=79.60,79.60,79.60,79.62,79.63,79.60,79.61,79.62,79.62,79.60,79.62,79.52,79.63,79.53,79.62,79.53,
ms=86554 od=79.60 cd=79.60 mind=79.57 maxd=79.64 dh=79.60,79.60,79.60,79.60,79.62,79.63,79.60,79.61,79.62,79.62,79.60,79.62,79.52,79.63,79.53,79.62, sh=79.60,79.60,79.60,79.60,79.62,79.63,79.60,79.61,79.62,79.62,79.60,79.62,79.52,79.63,79.53,79.62,
ms=87117 od=79.61 cd=79.61 mind=79.57 maxd=79.64 dh=79.61,79.60,79.60,79.60,79.60,79.62,79.63,79.60,79.61,79.62,79.62,79.60,79.62,79.52,79.63,79.53, sh=79.61,79.60,79.60,79.60,79.60,79.62,79.63,79.60,79.61,79.62,79.62,79.60,79.62,79.52,79.63,79.53,
ms=87682 od=79.61 cd=79.61 mind=79.57 maxd=79.64 dh=79.61,79.61,79.60,79.60,79.60,79.60,79.62,79.63,79.60,79.61,79.62,79.62,79.60,79.62,79.52,79.63, sh=79.61,79.61,79.60,79.60,79.60,79.60,79.62,79.63,79.60,79.61,79.62,79.62,79.60,79.62,79.52,79.63,
ms=88245 od=79.62 cd=79.62 mind=79.57 maxd=79.64 dh=79.62,79.61,79.61,79.60,79.60,79.60,79.60,79.62,79.63,79.60,79.61,79.62,79.62,79.60,79.62,79.52, sh=79.62,79.61,79.61,79.60,79.60,79.60,79.60,79.62,79.63,79.60,79.61,79.62,79.62,79.60,79.62,79.52,
ms=88809 od=79.60 cd=79.60 mind=79.57 maxd=79.64 dh=79.60,79.62,79.61,79.61,79.60,79.60,79.60,79.60,79.62,79.63,79.60,79.61,79.62,79.62,79.60,79.62, sh=79.60,79.62,79.61,79.61,79.60,79.60,79.60,79.60,79.62,79.63,79.60,79.61,79.62,79.62,79.60,79.62,
ms=89410 od=79.62 cd=79.62 mind=79.57 maxd=79.64 dh=79.62,79.60,79.62,79.61,79.61,79.60,79.60,79.60,79.60,79.62,79.63,79.60,79.61,79.62,79.62,79.60, sh=79.62,79.60,79.62,79.61,79.61,79.60,79.60,79.60,79.60,79.62,79.63,79.60,79.61,79.62,79.62,79.60,
ms=89975 od=79.62 cd=79.62 mind=79.57 maxd=79.64 dh=79.62,79.62,79.60,79.62,79.61,79.61,79.60,79.60,79.60,79.60,79.62,79.63,79.60,79.61,79.62,79.62, sh=79.62,79.62,79.60,79.62,79.61,79.61,79.60,79.60,79.60,79.60,79.62,79.63,79.60,79.61,79.62,79.62,
ms=90538 od=79.62 cd=79.62 mind=79.57 maxd=79.64 dh=79.62,79.62,79.62,79.60,79.62,79.61,79.61,79.60,79.60,79.60,79.60,79.62,79.63,79.60,79.61,79.62, sh=79.62,79.62,79.62,79.60,79.62,79.61,79.61,79.60,79.60,79.60,79.60,79.62,79.63,79.60,79.61,79.62,
ms=91102 od=79.60 cd=79.60 mind=79.57 maxd=79.64 dh=79.60,79.62,79.62,79.62,79.60,79.62,79.61,79.61,79.60,79.60,79.60,79.60,79.62,79.63,79.60,79.61, sh=79.60,79.62,79.62,79.62,79.60,79.62,79.61,79.61,79.60,79.60,79.60,79.60,79.62,79.63,79.60,79.61,
ms=91667 od=79.62 cd=79.62 mind=79.57 maxd=79.64 dh=79.62,79.60,79.62,79.62,79.62,79.60,79.62,79.61,79.61,79.60,79.60,79.60,79.60,79.62,79.63,79.60, sh=79.62,79.60,79.62,79.62,79.62,79.60,79.62,79.61,79.61,79.60,79.60,79.60,79.60,79.62,79.63,79.60,
ms=92231 od=79.60 cd=79.60 mind=79.57 maxd=79.64 dh=79.60,79.62,79.60,79.62,79.62,79.62,79.60,79.62,79.61,79.61,79.60,79.60,79.60,79.60,79.62,79.63, sh=79.60,79.62,79.60,79.62,79.62,79.62,79.60,79.62,79.61,79.61,79.60,79.60,79.60,79.60,79.62,79.63,
ms=92796 od=79.60 cd=79.60 mind=79.57 maxd=79.64 dh=79.60,79.60,79.62,79.60,79.62,79.62,79.62,79.60,79.62,79.61,79.61,79.60,79.60,79.60,79.60,79.62, sh=79.60,79.60,79.62,79.60,79.62,79.62,79.62,79.60,79.62,79.61,79.61,79.60,79.60,79.60,79.60,79.62,
ms=93361 od=79.63 cd=79.63 mind=79.57 maxd=79.64 dh=79.63,79.60,79.60,79.62,79.60,79.62,79.62,79.62,79.60,79.62,79.61,79.61,79.60,79.60,79.60,79.60, sh=79.63,79.60,79.60,79.62,79.60,79.62,79.62,79.62,79.60,79.62,79.61,79.61,79.60,79.60,79.60,79.60,
ms=93933 od=80.07 cd=79.64 mind=79.57 maxd=79.64 dh=80.07,79.63,79.60,79.60,79.62,79.60,79.62,79.62,79.62,79.60,79.62,79.61,79.61,79.60,79.60,79.60, sh=80.07,79.63,79.60,79.60,79.62,79.60,79.62,79.62,79.62,79.60,79.62,79.61,79.61,79.60,79.60,79.60,
ms=94498 od=80.04 cd=79.64 mind=79.57 maxd=79.64 dh=80.04,80.07,79.63,79.60,79.60,79.62,79.60,79.62,79.62,79.62,79.60,79.62,79.61,79.61,79.60,79.60, sh=80.04,80.07,79.63,79.60,79.60,79.62,79.60,79.62,79.62,79.62,79.60,79.62,79.61,79.61,79.60,79.60,
ms=95061 od=79.62 cd=79.62 mind=79.57 maxd=79.64 dh=79.62,80.04,80.07,79.63,79.60,79.60,79.62,79.60,79.62,79.62,79.62,79.60,79.62,79.61,79.61,79.60, sh=79.62,80.04,80.07,79.63,79.60,79.60,79.62,79.60,79.62,79.62,79.62,79.60,79.62,79.61,79.61,79.60,
ms=95632 od=79.61 cd=79.61 mind=79.59 maxd=79.64 dh=79.61,79.62,80.04,80.07,79.63,79.60,79.60,79.62,79.60,79.62,79.62,79.62,79.60,79.62,79.61,79.61, sh=79.61,79.62,80.04,80.07,79.63,79.60,79.60,79.62,79.60,79.62,79.62,79.62,79.60,79.62,79.61,79.61,
ms=96203 od=79.63 cd=79.63 mind=79.58 maxd=79.65 dh=79.63,79.61,79.62,80.04,80.07,79.63,79.60,79.60,79.62,79.60,79.62,79.62,79.62,79.60,79.62,79.61, sh=79.63,79.61,79.62,80.04,80.07,79.63,79.60,79.60,79.62,79.60,79.62,79.62,79.62,79.60,79.62,79.61,
ms=96768 od=79.61 cd=79.61 mind=79.58 maxd=79.65 dh=79.61,79.63,79.61,79.62,80.04,80.07,79.63,79.60,79.60,79.62,79.60,79.62,79.62,79.62,79.60,79.62, sh=79.61,79.63,79.61,79.62,80.04,80.07,79.63,79.60,79.60,79.62,79.60,79.62,79.62,79.62,79.60,79.62,
ms=97339 od=79.60 cd=79.60 mind=79.57 maxd=79.65 dh=79.60,79.61,79.63,79.61,79.62,80.04,80.07,79.63,79.60,79.60,79.62,79.60,79.62,79.62,79.62,79.60, sh=79.60,79.61,79.63,79.61,79.62,80.04,80.07,79.63,79.60,79.60,79.62,79.60,79.62,79.62,79.62,79.60,
ms=97904 od=79.61 cd=79.61 mind=79.58 maxd=79.65 dh=79.61,79.60,79.61,79.63,79.61,79.62,80.04,80.07,79.63,79.60,79.60,79.62,79.60,79.62,79.62,79.62, sh=79.61,79.60,79.61,79.63,79.61,79.62,80.04,80.07,79.63,79.60,79.60,79.62,79.60,79.62,79.62,79.62,
ms=98474 od=79.68 cd=79.66 mind=79.57 maxd=79.66 dh=79.68,79.61,79.60,79.61,79.63,79.61,79.62,80.04,80.07,79.63,79.60,79.60,79.62,79.60,79.62,79.62, sh=79.68,79.61,79.60,79.61,79.63,79.61,79.62,80.04,80.07,79.63,79.60,79.60,79.62,79.60,79.62,79.62,
ms=99074 od=79.68 cd=79.68 mind=79.53 maxd=79.73 dh=79.68,79.68,79.61,79.60,79.61,79.63,79.61,79.62,80.04,80.07,79.63,79.60,79.60,79.62,79.60,79.62, sh=79.68,79.68,79.61,79.60,79.61,79.63,79.61,79.62,80.04,80.07,79.63,79.60,79.60,79.62,79.60,79.62,
ms=99645 od=79.61 cd=79.61 mind=79.53 maxd=79.73 dh=79.61,79.68,79.68,79.61,79.60,79.61,79.63,79.61,79.62,80.04,80.07,79.63,79.60,79.60,79.62,79.60, sh=79.61,79.68,79.68,79.61,79.60,79.61,79.63,79.61,79.62,80.04,80.07,79.63,79.60,79.60,79.62,79.60,
ms=100216 od=79.60 cd=79.60 mind=79.53 maxd=79.73 dh=79.60,79.61,79.68,79.68,79.61,79.60,79.61,79.63,79.61,79.62,80.04,80.07,79.63,79.60,79.60,79.62, sh=79.60,79.61,79.68,79.68,79.61,79.60,79.61,79.63,79.61,79.62,80.04,80.07,79.63,79.60,79.60,79.62,
ms=100781 od=80.05 cd=79.80 mind=79.48 maxd=79.80 dh=80.05,79.60,79.61,79.68,79.68,79.61,79.60,79.61,79.63,79.61,79.62,80.04,80.07,79.63,79.60,79.60, sh=80.05,79.60,79.61,79.68,79.68,79.61,79.60,79.61,79.63,79.61,79.62,80.04,80.07,79.63,79.60,79.60,
ms=101346 od=79.60 cd=79.60 mind=79.48 maxd=79.80 dh=79.60,80.05,79.60,79.61,79.68,79.68,79.61,79.60,79.61,79.63,79.61,79.62,80.04,80.07,79.63,79.60, sh=79.60,80.05,79.60,79.61,79.68,79.68,79.61,79.60,79.61,79.63,79.61,79.62,80.04,80.07,79.63,79.60,
ms=101911 od=79.62 cd=79.62 mind=79.50 maxd=79.80 dh=79.62,79.60,80.05,79.60,79.61,79.68,79.68,79.61,79.60,79.61,79.63,79.61,79.62,80.04,80.07,79.63, sh=79.62,79.60,80.05,79.60,79.61,79.68,79.68,79.61,79.60,79.61,79.63,79.61,79.62,80.04,80.07,79.63,
ms=102476 od=80.05 cd=80.05 mind=79.23 maxd=80.24 dh=80.05,79.62,79.60,80.05,79.60,79.61,79.68,79.68,79.61,79.60,79.61,79.63,79.61,79.62,80.04,80.07, sh=80.05,79.62,79.60,80.05,79.60,79.61,79.68,79.68,79.61,79.60,79.61,79.63,79.61,79.62,80.04,80.07,
ms=103042 od=80.05 cd=80.05 mind=79.23 maxd=80.24 dh=80.05,80.05,79.62,79.60,80.05,79.60,79.61,79.68,79.68,79.61,79.60,79.61,79.63,79.61,79.62,80.04, sh=80.05,80.05,79.62,79.60,80.05,79.60,79.61,79.68,79.68,79.61,79.60,79.61,79.63,79.61,79.62,80.04,
ms=103606 od=79.61 cd=79.61 mind=79.50 maxd=79.80 dh=79.61,80.05,80.05,79.62,79.60,80.05,79.60,79.61,79.68,79.68,79.61,79.60,79.61,79.63,79.61,79.62, sh=79.61,80.05,80.05,79.62,79.60,80.05,79.60,79.61,79.68,79.68,79.61,79.60,79.61,79.63,79.61,79.62,
ms=104177 od=79.68 cd=79.68 mind=79.50 maxd=79.80 dh=79.68,79.61,80.05,80.05,79.62,79.60,80.05,79.60,79.61,79.68,79.68,79.61,79.60,79.61,79.63,79.61, sh=79.68,79.61,80.05,80.05,79.62,79.60,80.05,79.60,79.61,79.68,79.68,79.61,79.60,79.61,79.63,79.61,
ms=104741 od=79.61 cd=79.61 mind=79.50 maxd=79.80 dh=79.61,79.68,79.61,80.05,80.05,79.62,79.60,80.05,79.60,79.61,79.68,79.68,79.61,79.60,79.61,79.63, sh=79.61,79.68,79.61,80.05,80.05,79.62,79.60,80.05,79.60,79.61,79.68,79.68,79.61,79.60,79.61,79.63,
ms=105307 od=79.60 cd=79.60 mind=79.48 maxd=79.80 dh=79.60,79.61,79.68,79.61,80.05,80.05,79.62,79.60,80.05,79.60,79.61,79.68,79.68,79.61,79.60,79.61, sh=79.60,79.61,79.68,79.61,80.05,80.05,79.62,79.60,80.05,79.60,79.61,79.68,79.68,79.61,79.60,79.61,
ms=105871 od=79.61 cd=79.61 mind=79.48 maxd=79.80 dh=79.61,79.60,79.61,79.68,79.61,80.05,80.05,79.62,79.60,80.05,79.60,79.61,79.68,79.68,79.61,79.60, sh=79.61,79.60,79.61,79.68,79.61,80.05,80.05,79.62,79.60,80.05,79.60,79.61,79.68,79.68,79.61,79.60,
ms=106436 od=80.05 cd=80.05 mind=79.22 maxd=80.25 dh=80.05,79.61,79.60,79.61,79.68,79.61,80.05,80.05,79.62,79.60,80.05,79.60,79.61,79.68,79.68,79.61, sh=80.05,79.61,79.60,79.61,79.68,79.61,80.05,80.05,79.62,79.60,80.05,79.60,79.61,79.68,79.68,79.61,
ms=107001 od=80.05 cd=80.05 mind=78.95 maxd=80.70 dh=80.05,80.05,79.61,79.60,79.61,79.68,79.61,80.05,80.05,79.62,79.60,80.05,79.60,79.61,79.68,79.68, sh=80.05,80.05,79.61,79.60,79.61,79.68,79.61,80.05,80.05,79.62,79.60,80.05,79.60,79.61,79.68,79.68,
ms=107565 od=79.63 cd=79.63 mind=78.95 maxd=80.70 dh=79.63,80.05,80.05,79.61,79.60,79.61,79.68,79.61,80.05,80.05,79.62,79.60,80.05,79.60,79.61,79.68, sh=79.63,80.05,80.05,79.61,79.60,79.61,79.68,79.61,80.05,80.05,79.62,79.60,80.05,79.60,79.61,79.68,
ms=108165 od=79.63 cd=79.63 mind=78.95 maxd=80.70 dh=79.63,79.63,80.05,80.05,79.61,79.60,79.61,79.68,79.61,80.05,80.05,79.62,79.60,80.05,79.60,79.61, sh=79.63,79.63,80.05,80.05,79.61,79.60,79.61,79.68,79.61,80.05,80.05,79.62,79.60,80.05,79.60,79.61,
ms=108730 od=79.61 cd=79.61 mind=78.95 maxd=80.70 dh=79.61,79.63,79.63,80.05,80.05,79.61,79.60,79.61,79.68,79.61,80.05,80.05,79.62,79.60,80.05,79.60, sh=79.61,79.63,79.63,80.05,80.05,79.61,79.60,79.61,79.68,79.61,80.05,80.05,79.62,79.60,80.05,79.60,
ms=109295 od=79.63 cd=79.63 mind=78.95 maxd=80.70 dh=79.63,79.61,79.63,79.63,80.05,80.05,79.61,79.60,79.61,79.68,79.61,80.05,80.05,79.62,79.60,80.05, sh=79.63,79.61,79.63,79.63,80.05,80.05,79.61,79.60,79.61,79.68,79.61,80.05,80.05,79.62,79.60,80.05,
ms=109857 od=33.36 cd=79.23 mind=79.23 maxd=80.24 dh=33.36,79.63,79.61,79.63,79.63,80.05,80.05,79.61,79.60,79.61,79.68,79.61,80.05,80.05,79.62,79.60, sh=33.36,79.63,79.61,79.63,79.63,80.05,80.05,79.61,79.60,79.61,79.68,79.61,80.05,80.05,79.62,79.60,
ms=110421 od=79.69 cd=79.69 mind=79.22 maxd=80.26 dh=79.69,33.36,79.63,79.61,79.63,79.63,80.05,80.05,79.61,79.60,79.61,79.68,79.61,80.05,80.05,79.62, sh=79.69,33.36,79.63,79.61,79.63,79.63,80.05,80.05,79.61,79.60,79.61,79.68,79.61,80.05,80.05,79.62,
ms=110992 od=79.63 cd=79.63 mind=79.22 maxd=80.26 dh=79.63,79.69,33.36,79.63,79.61,79.63,79.63,80.05,80.05,79.61,79.60,79.61,79.68,79.61,80.05,80.05, sh=79.63,79.69,33.36,79.63,79.61,79.63,79.63,80.05,80.05,79.61,79.60,79.61,79.68,79.61,80.05,80.05,
ms=111556 od=79.61 cd=79.61 mind=79.49 maxd=79.80 dh=79.61,79.63,79.69,33.36,79.63,79.61,79.63,79.63,80.05,80.05,79.61,79.60,79.61,79.68,79.61,80.05, sh=79.61,79.63,79.69,33.36,79.63,79.61,79.63,79.63,80.05,80.05,79.61,79.60,79.61,79.68,79.61,80.05,
ms=112120 od=79.61 cd=79.61 mind=79.55 maxd=79.71 dh=79.61,79.61,79.63,79.69,33.36,79.63,79.61,79.63,79.63,80.05,80.05,79.61,79.60,79.61,79.68,79.61, sh=79.61,79.61,79.63,79.69,33.36,79.63,79.61,79.63,79.63,80.05,80.05,79.61,79.60,79.61,79.68,79.61,
ms=112691 od=79.63 cd=79.63 mind=79.55 maxd=79.71 dh=79.63,79.61,79.61,79.63,79.69,33.36,79.63,79.61,79.63,79.63,80.05,80.05,79.61,79.60,79.61,79.68, sh=79.63,79.61,79.61,79.63,79.69,33.36,79.63,79.61,79.63,79.63,80.05,80.05,79.61,79.60,79.61,79.68,
ms=113260 od=79.61 cd=79.61 mind=79.58 maxd=79.65 dh=79.61,79.63,79.61,79.61,79.63,79.69,33.36,79.63,79.61,79.63,79.63,80.05,80.05,79.61,79.60,79.61, sh=79.61,79.63,79.61,79.61,79.63,79.69,33.36,79.63,79.61,79.63,79.63,80.05,80.05,79.61,79.60,79.61,
ms=113829 od=80.05 cd=79.73 mind=79.53 maxd=79.73 dh=80.05,79.61,79.63,79.61,79.61,79.63,79.69,33.36,79.63,79.61,79.63,79.63,80.05,80.05,79.61,79.60, sh=80.05,79.61,79.63,79.61,79.61,79.63,79.69,33.36,79.63,79.61,79.63,79.63,80.05,80.05,79.61,79.60,
ms=114398 od=79.61 cd=79.61 mind=79.53 maxd=79.73 dh=79.61,80.05,79.61,79.63,79.61,79.61,79.63,79.69,33.36,79.63,79.61,79.63,79.63,80.05,80.05,79.61, sh=79.61,80.05,79.61,79.63,79.61,79.61,79.63,79.69,33.36,79.63,79.61,79.63,79.63,80.05,80.05,79.61,
ms=114966 od=79.68 cd=79.68 mind=79.49 maxd=79.80 dh=79.68,79.61,80.05,79.61,79.63,79.61,79.61,79.63,79.69,33.36,79.63,79.61,79.63,79.63,80.05,80.05, sh=79.68,79.61,80.05,79.61,79.63,79.61,79.61,79.63,79.69,33.36,79.63,79.61,79.63,79.63,80.05,80.05,
ms=115532 od=79.69 cd=79.69 mind=79.49 maxd=79.80 dh=79.69,79.68,79.61,80.05,79.61,79.63,79.61,79.61,79.63,79.69,33.36,79.63,79.61,79.63,79.63,80.05, sh=79.69,79.68,79.61,80.05,79.61,79.63,79.61,79.61,79.63,79.69,33.36,79.63,79.61,79.63,79.63,80.05,
ms=116096 od=79.79 cd=79.79 mind=79.49 maxd=79.80 dh=79.79,79.69,79.68,79.61,80.05,79.61,79.63,79.61,79.61,79.63,79.69,33.36,79.63,79.61,79.63,79.63, sh=79.79,79.69,79.68,79.61,80.05,79.61,79.63,79.61,79.61,79.63,79.69,33.36,79.63,79.61,79.63,79.63,
ms=116660 od=80.06 cd=79.82 mind=79.48 maxd=79.82 dh=80.06,79.79,79.69,79.68,79.61,80.05,79.61,79.63,79.61,79.61,79.63,79.69,33.36,79.63,79.61,79.63, sh=80.06,79.79,79.69,79.68,79.61,80.05,79.61,79.63,79.61,79.61,79.63,79.69,33.36,79.63,79.61,79.63,
ms=117266 od=79.61 cd=79.61 mind=79.48 maxd=79.82 dh=79.61,80.06,79.79,79.69,79.68,79.61,80.05,79.61,79.63,79.61,79.61,79.63,79.69,33.36,79.63,79.61, sh=79.61,80.06,79.79,79.69,79.68,79.61,80.05,79.61,79.63,79.61,79.61,79.63,79.69,33.36,79.63,79.61,
ms=117837 od=79.61 cd=79.61 mind=79.48 maxd=79.82 dh=79.61,79.61,80.06,79.79,79.69,79.68,79.61,80.05,79.61,79.63,79.61,79.61,79.63,79.69,33.36,79.63, sh=79.61,79.61,80.06,79.79,79.69,79.68,79.61,80.05,79.61,79.63,79.61,79.61,79.63,79.69,33.36,79.63,
ms=118401 od=79.63 cd=79.63 mind=79.48 maxd=79.82 dh=79.63,79.61,79.61,80.06,79.79,79.69,79.68,79.61,80.05,79.61,79.63,79.61,79.61,79.63,79.69,33.36, sh=79.63,79.61,79.61,80.06,79.79,79.69,79.68,79.61,80.05,79.61,79.63,79.61,79.61,79.63,79.69,33.36,
ms=118965 od=77.13 cd=79.48 mind=79.48 maxd=79.82 dh=77.13,79.63,79.61,79.61,80.06,79.79,79.69,79.68,79.61,80.05,79.61,79.63,79.61,79.61,79.63,79.69, sh=77.13,79.63,79.61,79.61,80.06,79.79,79.69,79.68,79.61,80.05,79.61,79.63,79.61,79.61,79.63,79.69,
ms=119529 od=60.68 cd=79.49 mind=79.49 maxd=79.80 dh=60.68,77.13,79.63,79.61,79.61,80.06,79.79,79.69,79.68,79.61,80.05,79.61,79.63,79.61,79.61,79.63, sh=60.68,77.13,79.63,79.61,79.61,80.06,79.79,79.69,79.68,79.61,80.05,79.61,79.63,79.61,79.61,79.63,
ms=120094 od=79.69 cd=79.69 mind=79.48 maxd=79.82 dh=79.69,60.68,77.13,79.63,79.61,79.61,80.06,79.79,79.69,79.68,79.61,80.05,79.61,79.63,79.61,79.61, sh=79.69,60.68,77.13,79.63,79.61,79.61,80.06,79.79,79.69,79.68,79.61,80.05,79.61,79.63,79.61,79.61,
ms=120666 od=79.63 cd=79.63 mind=79.48 maxd=79.82 dh=79.63,79.69,60.68,77.13,79.63,79.61,79.61,80.06,79.79,79.69,79.68,79.61,80.05,79.61,79.63,79.61, sh=79.63,79.69,60.68,77.13,79.63,79.61,79.61,80.06,79.79,79.69,79.68,79.61,80.05,79.61,79.63,79.61,
ms=121236 od=79.63 cd=79.63 mind=79.48 maxd=79.82 dh=79.63,79.63,79.69,60.68,77.13,79.63,79.61,79.61,80.06,79.79,79.69,79.68,79.61,80.05,79.61,79.63, sh=79.63,79.63,79.69,60.68,77.13,79.63,79.61,79.61,80.06,79.79,79.69,79.68,79.61,80.05,79.61,79.63,
ms=121802 od=80.05 cd=79.95 mind=79.41 maxd=79.95 dh=80.05,79.63,79.63,79.69,60.68,77.13,79.63,79.61,79.61,80.06,79.79,79.69,79.68,79.61,80.05,79.61, sh=80.05,79.63,79.63,79.69,60.68,77.13,79.63,79.61,79.61,80.06,79.79,79.69,79.68,79.61,80.05,79.61,
ms=122367 od=79.61 cd=79.61 mind=79.41 maxd=79.95 dh=79.61,80.05,79.63,79.63,79.69,60.68,77.13,79.63,79.61,79.61,80.06,79.79,79.69,79.68,79.61,80.05, sh=79.61,80.05,79.63,79.63,79.69,60.68,77.13,79.63,79.61,79.61,80.06,79.79,79.69,79.68,79.61,80.05,
ms=122932 od=79.61 cd=79.61 mind=79.48 maxd=79.82 dh=79.61,79.61,80.05,79.63,79.63,79.69,60.68,77.13,79.63,79.61,79.61,80.06,79.79,79.69,79.68,79.61, sh=79.61,79.61,80.05,79.63,79.63,79.69,60.68,77.13,79.63,79.61,79.61,80.06,79.79,79.69,79.68,79.61,
ms=123496 od=79.61 cd=79.61 mind=79.48 maxd=79.82 dh=79.61,79.61,79.61,80.05,79.63,79.63,79.69,60.68,77.13,79.63,79.61,79.61,80.06,79.79,79.69,79.68, sh=79.61,79.61,79.61,80.05,79.63,79.63,79.69,60.68,77.13,79.63,79.61,79.61,80.06,79.79,79.69,79.68,
ms=124061 od=79.61 cd=79.61 mind=79.48 maxd=79.82 dh=79.61,79.61,79.61,79.61,80.05,79.63,79.63,79.69,60.68,77.13,79.63,79.61,79.61,80.06,79.79,79.69, sh=79.61,79.61,79.61,79.61,80.05,79.63,79.63,79.69,60.68,77.13,79.63,79.61,79.61,80.06,79.79,79.69,
ms=124626 od=79.71 cd=79.71 mind=79.47 maxd=79.84 dh=79.71,79.61,79.61,79.61,79.61,80.05,79.63,79.63,79.69,60.68,77.13,79.63,79.61,79.61,80.06,79.79, sh=79.71,79.61,79.61,79.61,79.61,80.05,79.63,79.63,79.69,60.68,77.13,79.63,79.61,79.61,80.06,79.79,
ms=125190 od=79.61 cd=79.61 mind=79.53 maxd=79.73 dh=79.61,79.71,79.61,79.61,79.61,79.61,80.05,79.63,79.63,79.69,60.68,77.13,79.63,79.61,79.61,80.06, sh=79.61,79.71,79.61,79.61,79.61,79.61,80.05,79.63,79.63,79.69,60.68,77.13,79.63,79.61,79.61,80.06,
ms=125753 od=79.61 cd=79.61 mind=79.58 maxd=79.65 dh=79.61,79.61,79.71,79.61,79.61,79.61,79.61,80.05,79.63,79.63,79.69,60.68,77.13,79.63,79.61,79.61, sh=79.61,79.61,79.71,79.61,79.61,79.61,79.61,80.05,79.63,79.63,79.69,60.68,77.13,79.63,79.61,79.61,
ms=126318 od=79.61 cd=79.61 mind=79.58 maxd=79.65 dh=79.61,79.61,79.61,79.71,79.61,79.61,79.61,79.61,80.05,79.63,79.63,79.69,60.68,77.13,79.63,79.61, sh=79.61,79.61,79.61,79.71,79.61,79.61,79.61,79.61,80.05,79.63,79.63,79.69,60.68,77.13,79.63,79.61,
ms=126912 od=70.84 cd=79.58 mind=79.58 maxd=79.65 dh=70.84,79.61,79.61,79.61,79.71,79.61,79.61,79.61,79.61,80.05,79.63,79.63,79.69,60.68,77.13,79.63, sh=70.84,79.61,79.61,79.61,79.71,79.61,79.61,79.61,79.61,80.05,79.63,79.63,79.69,60.68,77.13,79.63,
ms=127475 od=60.26 cd=76.49 mind=76.49 maxd=81.51 dh=60.26,70.84,79.61,79.61,79.61,79.71,79.61,79.61,79.61,79.61,80.05,79.63,79.63,79.69,60.68,77.13, sh=60.26,70.84,79.61,79.61,79.61,79.71,79.61,79.61,79.61,79.61,80.05,79.63,79.63,79.69,60.68,77.13,
ms=128039 od=79.61 cd=79.61 mind=79.58 maxd=79.65 dh=79.61,60.26,70.84,79.61,79.61,79.61,79.71,79.61,79.61,79.61,79.61,80.05,79.63,79.63,79.69,60.68, sh=79.61,60.26,70.84,79.61,79.61,79.61,79.71,79.61,79.61,79.61,79.61,80.05,79.63,79.63,79.69,60.68,
ms=128610 od=79.63 cd=79.63 mind=79.58 maxd=79.65 dh=79.63,79.61,60.26,70.84,79.61,79.61,79.61,79.71,79.61,79.61,79.61,79.61,80.05,79.63,79.63,79.69, sh=79.63,79.61,60.26,70.84,79.61,79.61,79.61,79.71,79.61,79.61,79.61,79.61,80.05,79.63,79.63,79.69,
ms=129174 od=79.59 cd=79.59 mind=79.58 maxd=79.65 dh=79.59,79.63,79.61,60.26,70.84,79.61,79.61,79.61,79.71,79.61,79.61,79.61,79.61,80.05,79.63,79.63, sh=79.59,79.63,79.61,60.26,70.84,79.61,79.61,79.61,79.71,79.61,79.61,79.61,79.61,80.05,79.63,79.63,
ms=129739 od=79.61 cd=79.61 mind=79.60 maxd=79.63 dh=79.61,79.59,79.63,79.61,60.26,70.84,79.61,79.61,79.61,79.71,79.61,79.61,79.61,79.61,80.05,79.63, sh=79.61,79.59,79.63,79.61,60.26,70.84,79.61,79.61,79.61,79.71,79.61,79.61,79.61,79.61,80.05,79.63,
ms=130304 od=79.61 cd=79.61 mind=79.61 maxd=79.61 dh=79.61,79.61,79.59,79.63,79.61,60.26,70.84,79.61,79.61,79.61,79.71,79.61,79.61,79.61,79.61,80.05, sh=79.61,79.61,79.59,79.63,79.61,60.26,70.84,79.61,79.61,79.61,79.71,79.61,79.61,79.61,79.61,80.05,
ms=130868 od=79.61 cd=79.61 mind=79.61 maxd=79.61 dh=79.61,79.61,79.61,79.59,79.63,79.61,60.26,70.84,79.61,79.61,79.61,79.71,79.61,79.61,79.61,79.61, sh=79.61,79.61,79.61,79.59,79.63,79.61,60.26,70.84,79.61,79.61,79.61,79.71,79.61,79.61,79.61,79.61,
ms=131432 od=79.63 cd=79.61 mind=79.61 maxd=79.61 dh=79.63,79.61,79.61,79.61,79.59,79.63,79.61,60.26,70.84,79.61,79.61,79.61,79.71,79.61,79.61,79.61, sh=79.63,79.61,79.61,79.61,79.59,79.63,79.61,60.26,70.84,79.61,79.61,79.61,79.71,79.61,79.61,79.61,
ms=132003 od=79.61 cd=79.61 mind=79.61 maxd=79.61 dh=79.61,79.63,79.61,79.61,79.61,79.59,79.63,79.61,60.26,70.84,79.61,79.61,79.61,79.71,79.61,79.61, sh=79.61,79.63,79.61,79.61,79.61,79.59,79.63,79.61,60.26,70.84,79.61,79.61,79.61,79.71,79.61,79.61,